-1
-1,0
-1,0
-1,0
-1,0
-1,0
-1,0,1
-1,0,1
-1,0
-1,0,3
-1,0
-1,0,4
-1,0,1,6
-1,0
-1,0,1
-1,0,3
-1,0,3
-1,0
-1,0,1
-1,0,3
-1,0,1
-1,0,1
-1,0,1,6
-1,0
-1,0,4
-1,0,42
-1,0,64
-1,0
-1,0,3
-1,0,1,69
-1,0
-1,0,1
-1,0,4,8
-1,0,1,72
-1,0,3
-1,0,4,2,25
-1,0,1,7
-1,0,3
-1,0,4,2,25
-1,0,1,7
-1,0,1
-1,0,4,2,25
-1,0,4
-1,0,1
-1,0
-1,0,3
-1,0,1
-1,0,1
-1,0,4,2,25
-1,0,1,7
-1,0,3
-1,0,1
-1,0,1
-1,0
-1,0,3
-1,0,3
-1,0,1,7,15
-1,0,3
-1,0,4,2
-1,0,4
-1,0,1,7,15
-1,0
-1,0,1
-1,0,1,7
-1,0
-1,0
-1,0,3
-1,0,4,2
-1,0,3
-1,0,1
-1,0
-1,0,3
-1,0
-1,0,4,8
-1,0,1,7
-1,0,1,7
-1,0
-1,0,82
-1,0,1
-1,0,1,7,15,56
-1,0,3,28
-1,0
-1,0
-1,0,3
-1,0,1,7
-1,0,4,2,25,12
-1,0
-1,0,3
-1,0,1
-1,0,1,7
-1,0,3
-1,0
-1,0,42,13
-1,0,1,7
-1,0,1,7,15,56
-1,0,1,7,15,56
-1,0,4,2,25
-1,0,4,2
-1,0
-1,0,4,2
